restaurant_name,0.0,1.0,2.0,3.0,4.0,5.0
"""Food That Pleases""",25.0,0.0,0.0,50.0,0.0,25.0
101 Bagel Cafe,12.5,3.5,9.0,16.0,47.0,12.0
1911 Biscuits & Burgers,3.3,1.6,6.5,0.0,10.6,78.0
224 Cafe,25.0,0.0,0.0,4.2,50.0,20.8
26 Thai Kitchen and Bar Midtown,2.1,1.6,2.1,7.5,38.5,48.1
285 West Soul Food,9.5,6.3,16.3,33.3,29.2,5.4
433 Bishop Event Venue,2.2,0.0,15.2,30.4,39.1,13.0
5 Napkin Burger,25.0,0.0,50.0,0.0,0.0,25.0
5th Street Tapas,6.2,0.0,0.0,0.0,56.2,37.5
656 Sports Bar & Grille,13.3,4.5,16.7,29.6,28.3,7.6
683 Midtown Bar and Bistro,25.0,0.0,0.0,0.0,25.0,50.0
8ARM,8.2,5.5,16.9,38.3,28.0,3.1
9 Mile Station,6.2,4.3,9.5,20.9,43.3,15.9
A Town Wings,4.3,3.5,12.4,30.4,36.8,12.6
A1 Soulfood,9.7,3.1,10.2,19.4,41.8,15.8
ABC Chicken and Waffles-Nitro Coffee Counter,4.3,0.0,2.1,0.0,9.6,84.0
AJ2 Fish and wings,4.3,2.2,6.5,4.3,50.0,32.6
ATB Food Court,1.9,7.4,18.5,9.3,55.6,7.4
ATL Wings,7.1,3.8,15.2,28.5,37.0,8.4
ATLANTA DREAM WINGS DOWNTOWN,5.6,2.8,11.1,26.4,33.3,20.8
AZIO Downtown,25.0,8.3,25.0,16.7,16.7,8.3
Abol Cafe and Restaurant,8.6,2.7,9.2,20.5,43.2,15.7
Acoustix Jazz Restaurant & Lounge,26.7,40.0,26.7,0.0,0.0,6.7
Afrodish Restaurant,10.0,4.0,10.0,20.0,48.0,8.0
Agave Restaurant,1.6,3.1,13.2,29.8,41.2,11.1
Agency Socialtheque,8.0,3.2,10.6,22.3,45.7,10.1
Ah-Ma's Taiwanese Kitchen,5.3,3.0,12.4,31.2,39.5,8.6
Aladdin's Mediterranean Grill,5.6,1.5,12.2,36.7,41.8,2.0
Ali Baba Mediterranean,6.7,3.0,11.1,19.9,34.7,24.6
Allora,16.4,9.2,13.2,16.4,38.2,6.6
Alma Cocina Buckhead,1.5,3.1,1.5,3.1,33.8,56.9
Alma Cocina Downtown,2.3,2.8,11.4,23.2,46.0,14.2
Ameer's Mediterranean Grill,5.3,3.6,14.7,27.8,33.8,14.8
American Cut Steakhouse,5.9,2.9,6.6,25.9,56.6,2.2
American Eclectic Burger,50.0,8.3,0.0,8.3,8.3,25.0
American Wing & Deli,11.1,6.7,8.9,33.3,35.6,4.4
American Wings & Seafood,4.1,2.2,18.3,27.2,36.9,11.2
Anna's BBQ,4.5,2.8,12.6,30.9,36.7,12.6
Annie's Thai Castle,5.7,5.7,22.1,29.3,27.9,9.3
Antica Posta Restaurant,3.8,5.1,9.8,22.5,47.2,11.7
Antico,2.2,2.6,10.7,34.0,44.5,6.0
Apache XLR,5.2,5.3,14.8,34.1,32.5,8.1
Applebee's Grill + Bar,16.8,10.2,18.2,24.4,24.3,6.1
Apres Diem,2.6,4.2,11.7,27.1,46.4,8.0
Apron,5.2,10.3,5.2,27.6,44.8,6.9
Area 4 Restaurant,11.3,4.9,8.2,12.6,53.4,9.5
Arepa Mía,5.0,3.2,11.7,18.5,45.0,16.7
Argosy,2.4,3.0,15.5,38.5,38.1,2.6
Aria,2.2,4.1,7.3,25.6,45.8,15.0
Arnette's Chop Shop,3.1,0.8,3.3,10.0,63.8,19.0
Athens Pizza,3.3,2.9,12.9,31.2,43.5,6.2
Atkins Park Tavern,5.4,5.4,15.3,28.8,35.2,9.8
Atlanta Bar and Grille,10.8,0.0,0.0,0.0,0.0,89.2
Atlanta Bread Smyrna,7.0,4.6,18.6,34.6,31.9,3.3
Atlanta Breakfast Club,3.6,1.8,7.9,26.5,47.3,12.9
Atlanta Grill,2.7,0.0,10.8,21.6,43.2,21.6
Atlanta Wings,5.2,3.2,10.0,25.5,48.6,7.6
Atlanta's Best Wings,6.6,4.8,15.1,30.4,34.6,8.4
Atlantic Grill,12.2,7.0,16.7,24.9,35.9,3.3
Atlantic Noodles Restaurant,13.0,4.3,0.0,13.0,39.1,30.4
Atlantis Restaurant & Lounge,22.1,8.8,18.3,22.1,21.0,7.7
Atmosphere Restaurant,3.2,3.9,12.7,28.2,35.2,16.9
Auntie Anne's,56.2,0.0,0.0,18.8,12.5,12.5
Azule Restaurant and Lounge,12.1,6.1,6.1,0.0,12.1,63.6
B-Side,6.2,3.1,7.7,4.6,60.0,18.5
B51,16.4,6.4,21.4,23.6,29.6,2.6
BBQ Cafe,4.3,0.0,13.0,8.7,52.2,21.7
BEP! Vietnamese Cuisine,6.5,15.2,8.7,26.1,32.6,10.9
Babette's Cafe,1.0,3.2,11.8,23.9,43.9,16.2
Babs Midtown,3.2,4.5,10.2,32.0,39.0,11.0
Bacchanalia,0.9,2.1,10.5,28.8,43.0,14.6
Bakaris Plant-based pizza,10.6,5.6,15.9,24.9,29.0,14.0
Baked Kitchen,6.7,0.0,6.7,6.7,0.0,80.0
Baker Dude Bakery Cafe,7.2,2.2,0.7,3.6,61.9,24.5
Baltimore Crab & Seafood,8.7,4.0,12.4,30.6,36.0,8.3
Bangkok Thai Restaurant,5.8,4.8,10.9,21.1,47.6,9.9
Banshee,0.8,1.2,3.1,15.7,70.9,8.3
Bantam + Biddy,4.9,4.6,14.8,21.9,40.6,13.2
Bantam Pub,2.3,3.7,16.5,31.4,37.4,8.8
Bar Margot,2.7,2.1,7.1,28.2,47.5,12.5
Bar Mercado,4.1,3.1,10.2,25.3,47.2,10.2
Bar Vegan ATL,6.6,6.1,5.5,0.0,9.9,71.8
Baraka Sharwarma Mediterenean,3.4,2.3,7.7,32.0,45.8,8.8
Barbecue kitchen,3.4,0.0,10.3,0.0,10.3,75.9
Bareburger,19.7,12.7,10.5,18.4,37.8,1.0
Basil's Restaurant & Tapas Bar,4.1,3.7,10.8,22.7,40.9,17.8
Batter Cookie Dough Buckhead,33.3,0.0,0.0,0.0,0.0,66.7
Bayou'Q Atlanta,9.8,2.0,5.9,0.0,17.6,64.7
Bazati,18.3,8.5,4.2,5.6,42.3,21.1
"Beer Girl, Growlers & Bottleshop",2.3,0.6,6.9,42.0,34.5,13.8
BeetleCat,2.8,2.0,9.4,26.5,42.2,17.1
Bench Warmers Sports Grill,4.6,5.1,18.5,32.6,34.1,5.1
Benihana,24.7,7.1,14.9,19.3,26.0,8.1
Best End Brewing Company,1.3,2.6,2.6,4.6,42.5,46.4
Bhojanic Food Truck,50.0,0.0,0.0,0.0,0.0,50.0
Big Bang Pizza,9.1,7.0,8.5,14.9,49.9,10.5
Big Daddy's Cafe,6.8,3.3,12.0,26.9,38.5,12.4
Big Daddy's Kitchen,7.1,4.5,14.9,28.7,35.5,9.4
Big Easy Grille,4.5,2.9,12.2,33.2,35.2,12.0
Big Kahuna Atlanta,6.5,7.7,21.6,26.9,33.6,3.7
Big Nick's Place,13.0,6.5,10.9,30.4,26.1,13.0
Big Sky Buckhead,8.2,6.4,16.7,33.5,29.7,5.6
Biltong Bar,1.7,5.0,4.2,10.8,58.3,20.0
Bistro Niko,1.5,3.0,11.0,29.5,47.1,8.0
Blackbird,9.0,4.9,7.4,10.7,67.2,0.8
Blackstone Restaurant,16.7,16.7,0.0,33.3,16.7,16.7
Blu Cantina,8.0,4.7,15.2,21.1,38.3,12.7
Blu Cantina Camp Creek,9.8,4.2,9.1,11.9,32.2,32.9
Blu Lagoon Bar and Bistro,13.1,3.7,8.0,16.9,43.4,14.9
Blue Frog Cantina,50.0,0.0,0.0,0.0,0.0,50.0
Blue Moon Pizza,3.4,3.3,13.6,28.8,39.0,11.9
Blue Moon Pizza of Buckhead,4.7,2.8,12.3,27.1,34.0,19.0
Bocado,4.0,4.5,18.7,30.5,36.7,5.7
BoccaLupo,3.2,2.0,8.1,33.4,44.4,9.0
Bojangles,12.8,9.5,11.8,13.3,34.6,18.0
Bole Ethiopian Restaurant,6.0,0.9,9.5,21.5,46.7,15.4
Bonefish Grill,4.5,2.4,11.9,23.8,45.3,12.0
Bones Restaurant,3.3,2.2,6.3,27.8,47.8,12.5
Boogalou Restaurant & Lounge,14.8,5.1,16.9,27.6,28.2,7.4
Boone's,14.3,0.0,14.3,0.0,0.0,71.4
Boston Market,3.4,2.9,16.3,33.4,36.4,7.7
Botica,3.6,3.6,6.0,0.0,9.6,77.1
Boucanes BBQ,16.0,0.0,8.0,0.0,8.0,68.0
Boudreaux's On The Roll,8.1,9.7,27.4,50.0,1.6,3.2
Bowlero Atlantic Station,7.5,2.2,10.4,0.0,18.7,61.2
Boxcar at Hop City West End,3.3,3.1,6.5,16.4,56.6,14.1
Brack's Kitchen,8.8,0.0,2.9,0.0,38.2,50.0
Brake Pad,3.7,2.9,16.7,36.3,33.9,6.5
Braves All Star Grill - Downtown,10.2,5.1,13.3,24.5,37.1,9.8
Brezza Cucina,9.4,6.8,14.2,22.7,36.2,10.7
BrickStone Cafe & Restaurant,9.6,2.7,13.7,21.9,39.7,12.3
Brklyn Kitchen & Lounge (Hookah Lounge),16.1,4.3,5.6,9.3,50.9,13.7
Brown Bag Seafood Co.,3.8,1.2,2.5,0.0,15.0,77.5
Buena Vida Tapas & Sol,2.4,1.5,4.9,5.8,61.7,23.8
Buffalo China,14.2,3.3,16.4,26.2,34.5,5.5
Buffalo Wild Wings,26.1,7.9,14.5,22.0,24.7,4.9
Buffalo Wild Wings 'GO',26.7,6.7,0.0,0.0,13.3,53.3
Bullpen Rib House,12.2,5.1,20.7,32.5,24.3,5.2
Burger Joy,30.6,4.7,16.5,21.2,24.7,2.4
Burger King,22.1,9.2,19.8,22.0,22.2,4.8
BurgerFi,14.2,5.5,5.0,15.1,56.0,4.1
By George,6.1,3.0,6.1,3.0,78.8,3.0
CEG Bakery,7.9,2.6,5.3,21.1,44.7,18.4
CHE BUTTER JONEZ,5.3,0.0,0.0,2.6,47.4,44.7
CJ Buffalo,8.6,3.7,32.1,32.1,16.0,7.4
CO,5.9,5.4,8.3,25.1,38.2,17.1
CRU Hookah Lounge,2.5,0.8,8.9,38.6,40.7,8.5
CZ SMOKEZ BBQ,6.4,1.8,13.8,23.9,28.4,25.7
Cafe 200,25.0,0.0,0.0,0.0,62.5,12.5
Cafe 458,4.7,1.2,3.5,12.8,45.3,32.6
Cafe Alsace,0.7,2.7,8.1,23.9,55.9,8.8
Cafe At Pharr,9.4,5.5,15.6,28.1,29.7,11.7
Cafe Bistro,11.4,8.6,14.3,20.0,28.6,17.1
Cafe Circa,11.0,10.1,17.2,25.1,31.2,5.3
Cafe Intermezzo,12.5,12.5,25.0,12.5,12.5,25.0
Cafe Kulture,2.3,0.0,2.3,9.1,2.3,84.1
Cafe Shekel,10.1,5.9,8.4,24.4,40.3,10.9
Cafe Social House,6.9,3.3,4.6,11.2,55.1,18.8
Café Aquaria,69.7,9.1,6.1,0.0,12.1,3.0
Café Lapin,5.3,3.3,8.7,24.0,46.7,12.0
Café Lily,3.8,1.4,13.5,33.6,41.7,5.9
California Mart,14.3,0.0,28.6,0.0,28.6,28.6
Callie's Hot Little Biscuit,7.1,7.1,15.3,30.5,33.4,6.6
Cameli's Pizza,4.4,4.0,15.9,31.6,40.2,3.9
Canopy Court,50.0,0.0,0.0,0.0,0.0,50.0
Capital City Club,2.4,4.8,26.5,38.6,25.3,2.4
Carolyn's Gourmet Cafe,3.8,5.1,25.3,27.8,34.2,3.8
Carrabba's Italian Grill,7.2,4.2,13.7,25.4,37.5,11.9
Carroll Street Cafe,2.0,2.8,14.8,34.3,36.4,9.8
Carver's Country Kitchen,33.3,0.0,0.0,0.0,0.0,66.7
Catch 12,8.0,5.9,13.9,30.0,35.9,6.2
Chai Peking Chinese Restaurant,4.2,9.4,10.4,17.7,43.8,14.6
Chairs Upstairs Bar and Restaurant,4.0,2.4,12.8,29.0,38.1,13.8
Champs Chicken,8.3,8.3,0.0,33.3,0.0,50.0
Chanterelle's,7.7,7.7,46.2,23.1,7.7,7.7
Char Korean Bar & Grill,6.1,5.6,12.6,28.4,36.8,10.5
Chattahoochee Food Works,7.2,0.0,7.2,26.1,0.0,59.4
"CheeZies Pizza Atlanta, GA",14.3,28.6,42.9,0.0,0.0,14.3
Cheetah Lounge/ Alluvia Restaurant,22.7,6.4,22.7,22.1,19.8,6.4
Chef Chen,11.5,4.7,12.5,29.2,36.5,5.7
Chef’d Up Atl,20.4,11.1,9.3,0.0,14.8,44.4
Chic Restaurant & Lounge,4.8,0.0,9.5,0.0,28.6,57.1
Chic-A-Loes,4.9,3.4,16.2,30.5,38.0,7.0
Chicago Pizza & Sports Grille,3.3,3.3,12.4,28.9,37.6,14.5
Chick-a-Biddy,15.2,8.4,19.5,17.6,28.2,11.1
Chick-fil-A,9.4,3.6,13.9,26.6,37.9,8.6
Chili's Bar & Grill,19.7,12.1,15.9,0.0,19.7,32.6
Chili's Grill & Bar,14.2,8.3,16.9,22.9,31.5,6.1
Chin Chin at Howell Mill,4.7,8.0,18.0,25.7,34.8,8.9
China Express,14.0,5.8,14.0,30.6,28.9,6.6
China Moon Restaurant,17.6,5.6,12.8,26.4,28.0,9.6
China Taste,14.8,7.7,9.2,33.1,24.6,10.6
Chops & Lobster Bar,1.6,2.9,9.5,28.3,44.2,13.6
Chopt Creative Salad Co.,13.8,5.1,9.7,10.3,49.2,11.8
Chris' Caribbean Bistro,4.5,3.5,12.9,39.0,32.9,7.1
Cinco Mexican Cantina,6.7,8.1,14.3,28.6,33.5,8.8
CinéBistro,4.2,5.1,14.5,25.6,47.5,3.1
Circle Poke,1.8,0.6,6.1,23.6,56.4,11.5
Cirque Blu Seafood House,39.2,6.4,7.6,0.0,5.3,41.5
Cirque Daiquiri Bar & Grill,18.4,5.8,16.0,22.8,25.9,11.2
City Garden,57.1,0.0,28.6,0.0,0.0,14.3
City View Cafe,16.7,0.0,16.7,50.0,0.0,16.7
City Winery,17.4,11.9,15.0,19.7,34.1,1.9
Clean Juice,5.1,5.1,1.7,10.2,42.4,35.6
Clean Start Cleansing Atlanta,3.0,3.0,4.5,16.4,43.3,29.9
Clifton Cafe,25.0,0.0,12.5,0.0,50.0,12.5
Cold Beer,5.3,9.7,2.7,11.5,54.9,15.9
Cold Brew Bar at Atlanta Dairies,0.5,1.4,4.1,10.1,74.7,9.2
Community Q BBQ,2.2,3.2,13.2,40.3,36.2,4.9
Condesa Coffee,2.8,2.2,19.3,36.2,35.0,4.6
Continent Restaurant & Cigar Lounge,6.8,0.0,4.5,0.0,6.8,81.8
Cook Out,5.8,4.6,18.9,33.3,32.7,4.7
Cooks & Soldiers,1.3,2.2,7.9,25.0,54.1,9.4
Copeland's of New Orleans,5.1,3.4,13.2,29.4,38.9,10.1
Copper Cove Bistro,10.2,5.6,17.3,22.4,23.5,20.9
Coq et Oeufs,25.0,0.0,0.0,0.0,50.0,25.0
Cory’s spot,7.1,0.0,0.0,7.1,14.3,71.4
Courthouse Cafe,6.2,6.2,0.0,6.2,40.6,40.6
Cousin's Maine Lobster,11.2,8.3,6.8,14.1,34.1,25.4
Cox Hall,1.5,4.9,22.1,36.8,31.9,2.9
Crave Restaurant Atlanta,19.6,10.5,7.0,4.2,33.6,25.2
Crawfish Shack Seafood,9.4,7.4,18.9,27.6,30.2,6.6
"Crazy ATLanta Travel BAR, Street Food & Event Venue",6.6,3.7,13.3,32.6,34.6,9.3
Crispina Ristorante & Pizzeria,5.0,4.6,9.4,27.6,41.5,12.0
Curfew ATL Restaurant & Lounge,12.5,12.5,12.5,0.0,0.0,62.5
Cuts Steakhouse,6.7,3.7,11.8,26.0,39.0,12.9
D&D Barbeque & Ribs,5.6,4.0,17.4,29.4,34.5,9.1
DRAGON EXPRESS,22.0,12.2,19.5,11.0,24.4,11.0
Daddy D'z BBQ Joynt,9.9,6.1,16.9,30.3,30.2,6.7
Dakota Blue,5.9,5.9,11.8,11.8,41.2,23.5
Dante's Down the Hatch,23.5,11.8,47.1,11.8,0.0,5.9
Debbie's Convenience Store & Soul Food,7.7,0.0,0.0,7.7,23.1,61.5
Dee's Cafe,6.2,0.0,12.5,12.5,56.2,12.5
Deja Vu Sports Bar & Lounge,8.1,4.8,11.3,9.7,24.2,41.9
Del Taco,7.2,5.0,16.8,30.0,34.3,6.7
Delbar Middle Eastern,2.9,1.3,2.1,1.3,19.7,72.7
Delia's Chicken Sausage Stand,1.5,2.5,14.4,37.4,43.6,0.7
Der Biergarten,3.1,2.4,13.3,33.3,43.1,4.9
Desi Spice Indian Cuisine,8.4,7.8,9.0,28.3,33.9,12.7
Desta Ethiopian Kitchen Emory Point,5.8,0.0,4.9,9.7,75.7,3.9
Dipped N Butter,19.4,2.8,8.3,11.1,27.8,30.6
Dire Grill,8.2,1.4,5.5,31.5,52.1,1.4
Divan Restaurant & Hookah Lounge,4.1,3.1,13.4,29.3,39.1,11.0
Dixie Q,1.4,3.5,13.0,23.9,45.3,13.0
Doc Green's Gourmet Salad And Sandwich Bar,12.8,4.4,14.4,21.6,33.2,13.6
Donnie's Country Cookin',10.9,5.0,17.9,26.9,31.3,8.0
Double Zero,3.2,2.7,14.7,32.2,38.6,8.6
Downwind Restaurant and Lounge,1.1,3.2,9.5,26.8,48.0,11.4
Dr. Bombay's Underwater Tea Party,4.6,2.9,13.0,27.6,49.4,2.4
Dragon Palace Restaurant,40.6,10.9,15.6,9.4,14.1,9.4
DrinkShop,20.0,20.0,40.0,0.0,0.0,20.0
Dua Hapeville,6.3,3.1,5.1,19.2,49.0,17.3
Dua Vietnamese Noodle Soup,5.1,3.1,13.9,38.6,37.6,1.8
ESCORPIÓN,4.0,3.2,20.1,33.5,35.5,3.7
East Wave Asian Fusion,4.2,3.1,24.0,40.6,26.0,2.1
EatMyTaco,50.0,16.7,0.0,0.0,0.0,33.3
Eats,2.9,3.9,13.5,32.0,42.7,5.0
Ecco Midtown,2.3,3.4,12.5,38.0,39.0,4.8
Eclipse di Luna,1.7,2.0,10.9,28.3,48.2,8.9
Eddie's Attic,2.0,2.2,10.0,34.7,50.9,0.2
Edgar's Proof & Provision,7.0,4.1,21.1,24.0,42.1,1.8
Einstein's,5.2,6.3,17.8,35.8,31.9,3.1
El Azteca,4.6,3.4,14.4,28.7,37.4,11.5
El Potro Mexican Restaurant,4.2,3.4,12.9,31.2,37.1,11.2
El Vinedo Local,4.0,0.0,0.0,0.0,32.0,64.0
Elbow Room,6.1,3.5,13.6,23.5,40.5,12.8
Eleventh Street Pub,1.6,3.9,14.4,26.9,44.0,9.3
Elleven45 Lounge,15.8,6.9,20.6,29.5,20.4,6.9
Elmyr,6.2,3.6,16.4,28.1,41.5,4.2
Elmyriachi,3.2,2.1,16.8,30.8,40.6,6.5
Embilta Cafe & Restaurant,1.7,0.4,4.6,36.7,49.2,7.5
Empire Sports Bar & Grill,13.3,6.7,6.7,13.3,46.7,13.3
Empire State South,3.2,5.1,19.7,32.2,36.1,3.8
Endive,1.8,12.5,26.8,21.4,25.0,12.5
Esco Seafood,17.6,10.8,17.6,0.0,12.7,41.2
Evangadi Restaurant Lounge,4.0,5.1,20.2,29.3,33.3,8.1
Everythang Nola,1.2,0.0,1.2,8.1,65.9,23.7
Extreme Teriyaki Grill Express,9.9,6.1,13.0,27.3,36.5,7.2
FIGO Pasta Food Truck - Edgewood,7.8,7.4,17.8,27.0,37.0,3.1
FIGO Pasta Vinings,8.1,6.3,18.3,32.9,30.9,3.5
FINA at Wild Heaven,15.4,30.8,7.7,0.0,23.1,23.1
Fado Irish Pub Midtown Atlanta,2.6,2.1,18.0,35.7,35.0,6.7
Fanplex,50.0,0.0,0.0,25.0,0.0,25.0
Farm Burger Buckhead,3.1,4.1,17.3,33.9,38.3,3.4
Farm Burger Midtown Atlanta,2.4,2.9,10.1,15.5,65.2,3.9
Farm to Ladle,16.3,10.2,12.2,24.5,30.6,6.1
Fellini's Pizza,2.5,2.2,12.0,33.4,41.6,8.3
Ferst Place,16.7,0.0,33.3,16.7,16.7,16.7
Fia Restaurant,1.7,0.0,0.0,3.3,45.0,50.0
Field Day,1.8,3.6,3.6,27.3,40.0,23.6
Fin & Feathers,6.1,3.2,6.4,10.9,40.0,33.3
Fire Hen,2.9,0.0,0.0,2.9,0.0,94.1
Firewall Food Stop,4.1,0.0,0.0,2.7,62.2,31.1
First Choice Cafe,6.0,3.0,1.5,10.4,61.2,17.9
First Watch,6.0,4.3,12.4,25.1,37.5,14.7
Fish Bowl Poke,4.3,1.4,5.0,16.5,63.3,9.4
Five Guys,4.9,3.3,14.0,30.0,40.1,7.6
Flower Child,5.1,0.4,3.6,10.5,56.5,23.9
Flying Biscuit Cafe,4.2,3.9,13.0,23.8,43.6,11.5
Flying Biscuit Cafe - Brookhaven,5.0,4.2,15.2,27.7,42.1,5.8
Flying Biscuit Cafe - Howell Mill Village,3.4,3.9,14.5,32.3,38.0,8.0
Flying Biscuit Café - Candler Park,3.7,3.5,14.2,35.4,37.3,5.9
Flying Biscuit Café - Midtown,5.2,6.0,15.4,30.2,37.2,6.1
Folk Art Restaurant Decatur,3.5,0.8,6.6,9.3,43.8,36.0
Fontaine's Oyster House,3.5,4.7,12.6,32.5,36.6,10.1
Food Terminal,1.6,1.6,4.9,12.6,50.6,28.7
Fortune Cookie Restaurant,8.1,8.4,13.6,23.8,37.7,8.4
Fox Bros. Bar-B-Q,2.1,2.1,11.4,33.7,42.8,7.9
Fox Bros. Bar-B-Q Westside,16.7,0.0,0.0,0.0,16.7,66.7
Foxtrot Liquor Bar,5.2,3.7,11.6,32.4,37.0,10.1
Foxx Original Jamaican Restaurant,10.9,5.5,13.5,29.6,32.5,8.0
Fresh 4 U,2.0,3.0,11.9,33.7,38.6,10.9
Fresh To Order - CNN Center,19.3,5.3,15.8,24.6,31.6,3.5
Fresh To Order - Decatur,2.5,2.7,15.5,35.2,38.4,5.7
Fresh To Order - Midtown,3.4,2.9,17.5,36.0,35.4,4.9
Fried Corn Evrythang,12.5,12.5,62.5,0.0,0.0,12.5
Front Page News -Permanently Closed,5.4,5.2,16.2,29.0,42.0,2.3
Frost Bistro,22.0,10.1,9.8,7.2,29.4,21.4
G's Midtown,5.3,0.6,18.9,26.0,45.0,4.1
Garden Parc Brunch & Events,2.5,1.3,4.5,4.5,38.2,49.0
Gato,4.2,3.4,15.2,29.1,45.1,3.0
Georgia Beer Garden,2.0,1.1,10.5,33.6,49.0,3.7
Georgia Boy,2.7,2.7,0.0,5.3,73.3,16.0
Get Fruity Cafe,11.7,5.1,6.6,24.8,35.8,16.1
Gibney's Pub,4.5,2.8,17.7,32.9,39.7,2.4
Gino's NY Pizza Bar,8.4,3.4,12.6,28.2,36.6,10.9
Ginya Izakaya,2.9,2.4,10.3,34.4,43.1,6.9
Girgiro Restorant,2.9,17.6,8.8,23.5,35.3,11.8
Girl Diver Atlanta,6.3,3.8,10.1,0.0,12.7,67.1
Gladys Knight's Signature Chicken & Waffles,43.5,17.1,21.8,15.3,1.2,1.2
Glenn's Kitchen,2.4,4.2,13.1,30.4,46.4,3.6
Gocha's Breakfast Bar,9.2,4.7,5.7,11.2,48.6,20.6
Goldbergs Fine Foods - Roswell,6.0,5.3,11.7,29.9,40.2,6.8
Goldbergs Fine Foods - Toco Hills,6.8,5.2,14.2,24.7,39.7,9.3
Goldbergs Fine Foods - West Paces,3.1,6.3,11.5,29.7,44.9,4.5
Golden Eagle,3.8,3.2,8.7,35.3,44.2,4.9
Golden Vibes Café,50.0,0.0,0.0,0.0,0.0,50.0
Gotham City Eatery,5.9,23.5,35.3,0.0,23.5,11.8
Graffiti Atlanta,8.3,0.0,0.0,0.0,4.2,87.5
Grana,2.5,3.3,7.2,4.0,31.9,51.1
Grand Champion BBQ,10.8,8.1,2.7,0.0,16.2,62.2
Grand Champion BBQ (Smyrna),14.3,0.0,0.0,42.9,0.0,42.9
Grand Lux Cafe,9.0,4.2,9.5,22.4,51.4,3.7
Grecian Gyro,6.9,0.7,2.8,7.6,55.2,26.9
Green Soma Vegan Cafe,2.8,4.5,3.4,13.6,60.5,15.3
Greenbriar Discount Mall,4.1,4.2,19.9,25.6,34.9,11.4
Grindhouse Killer Burgers,1.9,2.2,11.6,33.2,42.7,8.3
Grips Good Eats & Sweets,9.8,5.2,4.0,9.8,43.9,27.2
Grub Burger Bar,3.4,3.3,15.2,30.9,42.2,5.1
Grub Fresh Bowls & Wraps,11.5,7.7,5.8,1.9,28.8,44.2
Grub Truck Stop,12.5,0.0,0.0,0.0,0.0,87.5
Gullwing Club at Mercedes-Benz Stadium,14.3,0.0,0.0,14.3,28.6,42.9
Gunshow,2.8,3.4,11.6,27.0,46.0,9.3
Gus chicken,50.0,0.0,0.0,0.0,0.0,50.0
Gus’s World Famous Fried Chicken,6.8,4.1,11.7,25.2,45.2,7.0
Guthrie's,6.1,3.7,9.8,1.2,35.4,43.9
Gyro Bros,11.4,4.5,11.4,31.8,35.2,5.7
Gyu-kaku Japanese BBQ,9.3,4.1,5.0,16.0,52.2,13.2
HOKI Japanese Restaurant,5.9,2.2,14.1,31.4,35.1,11.4
Habitat Kitchen & Bar,16.4,3.3,3.3,0.0,6.6,70.5
"Hal's ""The Steakhouse""",3.6,2.9,8.2,20.0,46.3,19.0
Halal American Deli,0.7,1.4,0.7,1.4,61.6,34.2
Hambone's BBQ,25.0,37.5,12.5,12.5,0.0,12.5
Hans Express,6.1,4.1,18.0,29.9,32.4,9.4
Harold's Chicken & Ice Bar,7.6,4.4,16.0,32.8,32.0,7.3
"Hattie B's Hot Chicken - Atlanta, GA",2.5,2.3,5.8,15.0,60.9,13.4
Hattie Marie's Texas Style BBQ & Cajun Kitchen,9.7,6.8,14.9,21.3,39.7,7.6
Haven Restaurant and Bar,2.7,1.3,14.3,28.7,40.0,13.0
Hawkers Asian Street Food,10.1,6.7,8.7,11.3,39.1,24.1
Healthfull Essence,6.1,2.7,11.8,31.6,40.1,7.6
Helen's Hot Chicken,9.8,4.9,7.4,8.2,45.9,23.8
Henri's Bakery & Deli,4.4,3.6,14.5,30.0,37.9,9.6
Henry's Midtown Tavern,7.5,6.1,17.5,29.8,32.4,6.7
High Velocity,21.9,11.7,19.7,22.6,20.4,3.6
Highland Bakery Downtown GSU,5.1,4.2,25.4,33.1,28.8,3.4
Highland Bakery Midtown,8.2,7.6,18.0,32.9,29.9,3.4
Highland Bistro,1.5,0.0,1.5,0.0,0.0,97.1
HippoHopp,4.8,4.0,16.8,30.5,40.2,3.7
Holy Taco,5.9,6.0,18.7,32.9,32.2,4.2
Home grown GA Restaurant,1.3,1.8,9.3,35.1,45.3,7.3
Honey Bubble,4.4,4.5,17.6,33.7,31.6,8.2
Hong Kong City,9.6,2.4,30.1,30.1,21.7,6.0
Hot Dog Pete's,4.3,2.5,4.9,5.5,36.8,46.0
Houston's,4.7,2.7,10.5,26.8,43.7,11.6
Hsu's Gourmet,4.3,4.5,17.9,33.4,35.9,4.1
Hudson Grille,13.4,8.7,20.2,27.5,23.5,6.7
Hudson’s Grille,33.3,0.0,0.0,0.0,33.3,33.3
Hunan Dragon III,8.7,8.7,4.3,4.3,56.5,17.4
Häagen-Dazs,3.1,1.0,14.3,29.6,50.0,2.0
IHOP,11.0,6.0,17.2,29.2,29.8,6.8
Il Localino,4.3,1.9,6.8,20.7,54.1,12.2
Infinity Restaurant & Lounge LLC,4.6,3.8,14.6,40.7,31.0,5.4
Irby's Tavern,4.8,4.8,6.2,20.0,51.0,13.1
Iron Hill Brewery & Restaurant,8.9,2.2,7.8,0.0,8.9,72.2
Iron Skillet Restaurant,17.2,7.7,15.4,23.9,32.8,3.0
Island Vibes Caribbean Grill,4.5,2.2,6.7,11.6,54.5,20.5
J & J Fish & Chicken,3.6,1.9,13.3,34.1,37.6,9.4
J. Buffalo Wings,14.6,7.4,14.0,20.9,31.2,11.7
J. Christopher's,6.8,2.1,16.4,23.3,42.5,8.9
J.R. Crickets on Main St,14.6,5.7,10.5,19.0,39.3,10.9
JCT. Kitchen & Bar,2.3,3.7,11.5,29.3,46.7,6.6
JINYA Ramen Bar - Buckhead,2.1,0.9,4.6,20.5,59.8,12.1
JJ Fish & Chicken,5.7,3.3,12.8,26.5,42.5,9.1
JJ's Country Cooking,7.9,5.0,18.8,28.3,34.2,5.8
Jack's New Yorker Deli,3.5,6.5,19.0,27.5,34.0,9.5
Jack's Pizza & Wings,5.0,6.3,13.7,25.9,40.2,9.0
Jai Ho - Indian Kitchen at Krog Street Market,2.4,4.9,2.4,0.0,34.1,56.1
Jalisco Restaurant,9.3,3.2,13.9,24.6,38.6,10.4
Jamba,5.2,2.6,3.9,9.1,51.9,27.3
Jamba Chastain Square,8.3,0.0,8.3,20.8,41.7,20.8
Jamba Madison Yards,9.1,4.5,4.5,0.0,50.0,31.8
Jamba Turner Food Market,20.0,0.0,20.0,0.0,40.0,20.0
Jamrock Jerk Center,7.8,6.0,16.7,28.6,33.3,7.6
Janet's Kitchen Atlanta (Carryout/Dine in),8.5,4.9,8.5,12.2,56.1,9.8
Jason's Deli,4.8,4.0,16.3,31.2,38.6,5.2
Java Jive,3.1,4.7,11.4,31.9,39.0,9.8
Jefe's Tacos & Tequila,8.1,9.7,4.8,14.5,30.6,32.3
JenChan's,1.9,0.0,7.4,3.7,70.4,16.7
Jet's Pizza,6.1,8.9,14.0,23.4,35.5,12.1
Jim 'N Nick's Bar-B-Q,5.0,4.2,15.7,32.3,35.1,7.7
Joe's On Juniper,7.2,7.2,22.6,37.9,23.6,1.4
Joella's Hot Chicken,17.7,9.4,7.0,8.2,26.6,31.0
Johnny Rockets,10.3,3.7,11.0,24.3,40.0,10.7
Josephine Lounge,17.2,6.9,17.4,24.8,25.5,8.2
Joy Cafe,5.6,3.2,8.5,25.0,42.7,15.0
Joystick Gamebar,1.4,3.1,18.8,39.4,36.4,0.9
Ju-c Bar,33.3,37.5,12.5,4.2,4.2,8.3
Junior's Pizza,6.0,3.6,6.5,10.1,57.7,16.1
Just Around the Corner,1.8,4.1,13.6,26.7,45.7,8.1
K BBQ Taco,1.6,1.1,14.2,42.1,34.2,6.8
KP Soul Food LLC,14.3,0.0,28.6,0.0,28.6,28.6
KR SteakBar,3.4,1.2,9.9,31.1,40.1,14.3
Kale Me Crazy Vinings | Health Food Restaurant,8.1,2.7,8.1,8.1,45.9,27.0
Kale Me Crazy | Health Food Cafe Brookhaven Atlanta,9.9,3.6,8.1,44.1,27.0,7.2
Kale Me Crazy | Health Food Cafe Inman Park Atlanta,5.5,6.2,19.9,35.6,25.3,7.5
Kale Me Crazy | Health Food Cafe Midtown Atlanta,7.9,7.3,9.8,32.9,32.9,9.1
Kale Me Crazy | Health Food Cafe Morningside/Highlands Atlanta,4.3,2.1,4.3,51.1,29.8,8.5
Kale Me Crazy | Health Food Restaurant Grant Park Atlanta,8.5,9.9,4.2,21.1,45.1,11.3
Kale Me Crazy | Health Food Restaurant Smyrna,16.2,6.8,9.5,8.1,39.2,20.3
Kale Me Crazy | Health Food Restaurant Toco Hills Atlanta,4.0,4.0,8.0,4.0,56.0,24.0
Kaleidoscope Bistro & Pub,2.8,3.9,17.3,37.7,33.8,4.6
Kelz Kitchen,16.8,4.9,12.0,26.2,34.1,6.1
Ken's Corner Grill,4.7,3.8,13.7,35.7,36.2,5.8
Kenley's Catering And Restaurant,7.8,3.1,10.2,16.4,55.5,7.0
Kevin Rathbun Steak,2.1,3.5,9.3,30.7,43.9,10.5
Kings Cornbeef & Deli,2.5,0.0,2.5,0.0,10.0,85.0
Kirkyard Public House,3.5,3.0,21.4,31.7,37.1,3.3
Kiss Ultra Lounge,12.3,1.9,9.4,12.3,47.2,17.0
Kodaks kitchen,16.7,0.0,0.0,0.0,16.7,66.7
Kong's Kitchen,34.5,6.5,2.2,4.3,40.3,12.2
Krab Queenz,14.0,8.0,8.5,9.4,39.6,20.5
Krystal,18.4,8.1,20.9,21.7,23.8,7.0
Kwan's Deli and Korean Kitchen,2.7,2.9,15.9,29.2,42.9,6.3
Kyma,3.7,3.7,11.3,28.8,40.0,12.5
L T's Wings,6.8,8.7,25.6,25.1,25.1,8.7
LAS DELICIAS SUPERMERCADO,6.3,1.6,14.3,27.0,34.9,15.9
LEON's Full Service,1.4,2.3,12.0,32.1,46.0,6.2
LT New Orleans Seafood Market,8.9,4.0,11.3,32.3,38.7,4.8
La Confianza,7.9,2.6,5.3,15.8,50.0,18.4
La Costenita Taqueria & Wings,2.2,0.0,1.1,0.0,94.5,2.2
La Costilla Grill Atlanta,12.3,3.2,6.7,20.5,49.3,7.9
La Fonda Latina,2.7,3.4,15.4,35.1,36.3,7.1
La Grotta Ristorante,1.6,3.6,5.5,23.2,48.7,17.4
La Hacienda,8.3,3.3,15.3,28.7,33.4,11.0
La Parrilla Mexican Restaurant,3.6,4.4,11.9,27.0,42.1,10.9
Ladybird Grove & Mess Hall,3.0,2.2,13.6,35.4,41.8,4.0
Lake & Oak,3.3,1.3,3.3,3.3,19.9,68.9
Lakewood Diner,4.6,3.7,19.6,36.1,28.2,7.7
Landmark Diner,5.1,9.0,15.3,24.2,37.5,8.8
Landmark Diner - Downtown,10.5,7.8,17.7,27.3,30.5,6.2
Las Brasas,7.3,3.1,11.9,30.4,37.9,9.4
Lazy Betty,3.7,0.0,1.0,4.2,64.9,26.2
Lazy Llama Cantina,22.2,4.0,8.1,5.1,26.3,34.3
Le Fat,6.3,3.7,17.6,30.3,35.2,6.9
League Tavern,18.9,9.5,8.4,10.5,33.7,18.9
Legends Restaurant & Lounge,50.0,0.0,0.0,0.0,0.0,50.0
Lenox Parking Food Center,9.1,9.1,4.5,4.5,45.5,27.3
Levy at the Georgia World Congress Center,21.4,0.0,7.1,21.4,35.7,14.3
Lickety Split Southern Kitchen & Bar,8.8,3.7,5.1,11.7,49.4,21.2
Limerick Junction Pub,3.4,6.1,12.2,25.2,46.3,6.8
Lingering Shade Social Club,11.6,4.1,14.0,27.3,33.9,9.1
"Lips Drag Queen Show Palace, Restaurant & Bar",2.6,3.5,11.1,39.7,40.7,2.4
Little Bear,1.2,0.0,0.0,0.0,65.4,33.3
Little Caesars Pizza,10.8,4.1,16.9,33.3,30.8,4.1
Little Five Points Pizza,4.9,3.8,14.0,33.4,37.0,6.9
Little Lagos,12.0,4.9,9.2,33.7,35.9,4.3
Little Rey,3.4,3.0,6.4,14.4,53.3,19.6
Little Trouble,3.4,3.2,12.4,31.4,42.8,6.8
Livingston,16.5,9.6,14.8,32.2,25.2,1.7
Loca Luna,6.2,5.2,13.5,24.5,43.9,6.8
Local Green Atlanta,3.2,1.0,7.6,8.0,63.7,16.6
Local Three Kitchen & Bar,1.2,3.2,13.0,33.6,44.5,4.4
Los Bravos Mexican Restaurant,3.6,3.9,15.2,31.9,37.1,8.3
Lov'n It Live,3.7,3.1,8.6,45.2,35.1,4.3
Lovies BBQ,3.7,4.7,12.9,29.4,47.3,2.1
LowCountry Steak,2.6,7.9,9.2,0.0,11.8,68.4
Lucky China 8 Chinese Restaurant,50.5,8.1,10.8,7.2,13.5,9.9
Lucky's,2.0,2.3,9.7,24.0,54.3,7.7
Lumen - Lobby Bar,7.9,7.9,2.6,23.7,31.6,26.3
Lunch Box,18.4,8.7,25.2,22.3,22.3,2.9
Lunch on Main Street,2.6,2.0,11.6,29.8,49.7,4.3
Lyfe ATL,9.3,2.3,9.3,5.8,23.3,50.0
Lyla Lila,3.2,2.2,1.1,5.4,45.2,43.0
M&M’s Comfort Zone,12.5,0.0,0.0,0.0,0.0,87.5
MA's Hot Takes,42.9,0.0,42.9,0.0,0.0,14.3
MF Buckhead,16.7,16.7,16.7,16.7,16.7,16.7
MSR My Sisters Room,9.2,5.7,11.4,27.6,37.3,8.8
MTH Pizza,6.7,4.8,1.9,4.8,61.9,20.0
Mac McGee Irish Pub,1.0,5.0,13.6,34.4,43.7,2.3
Macho Nacho,10.4,0.0,20.8,27.3,28.6,13.0
Madhouse Lounge,17.7,12.9,11.3,14.5,25.8,17.7
Maepole,4.3,0.0,8.7,8.7,0.0,78.3
Maggiano's Little Italy,2.7,3.3,11.8,29.2,45.3,7.7
Magic City,17.3,5.2,18.2,29.6,20.1,9.6
Magnolia Grill,3.9,5.9,21.6,41.2,25.5,2.0
Main Event Atlanta,8.1,4.3,15.7,30.6,34.5,6.8
Majestic Diner,3.8,4.4,12.7,25.1,50.6,3.4
Malaya Restaurant,9.5,4.4,16.8,23.0,31.4,15.0
Mali Restaurant,3.1,4.6,14.6,39.5,35.1,3.1
Mandarin Express,23.3,3.3,16.7,20.0,26.7,10.0
Mangos Caribbean Restaurant,12.4,9.4,16.1,26.4,30.3,5.5
Manuel's Tavern,0.9,2.8,16.3,36.7,37.1,6.1
Marco's Pita,25.0,50.0,0.0,0.0,0.0,25.0
Marguerite’s Jerk Bistro,5.9,2.9,0.0,5.9,52.9,32.4
Marie's@Ummat Cafe,5.0,6.7,13.3,56.7,6.7,11.7
Maritza & Franks,33.3,0.0,0.0,0.0,33.3,33.3
Maru Sushi,1.6,2.6,15.4,36.7,36.7,7.0
Mary Mac's Tea Room,3.4,4.0,13.2,32.5,40.2,6.6
Masti - Indian Street Eats,5.4,4.7,13.3,29.5,40.9,6.2
Match Bar& Oven,5.8,3.9,16.9,39.0,31.2,3.2
MattChews,2.4,0.0,7.3,0.0,48.8,41.5
Max's Coal Oven Pizzeria,3.1,4.0,13.5,31.9,42.6,4.9
McAlister's Deli,7.8,5.9,8.2,15.9,43.8,18.4
McCormick & Schmick's Seafood & Steaks,12.4,8.5,16.5,29.9,28.4,4.3
McDonald's,20.9,10.3,20.4,20.8,22.3,5.2
McKinnon's Louisiane,5.5,4.8,12.5,24.6,38.6,14.0
Mediterranea Restaurant & Bakery,0.9,1.6,7.3,39.2,45.9,5.1
Mediterranean Food Atlanta | Lavash Mediterranean Grill,8.3,2.6,5.0,17.5,43.2,23.4
Mediterranean Grill,5.7,5.9,13.0,27.7,40.9,6.9
Medusa,16.0,6.6,14.8,34.6,20.5,7.5
Meehan's Public House Downtown,2.8,4.3,18.8,30.6,42.0,1.5
Meko's,3.4,0.0,0.0,0.0,3.4,93.1
Mela Ethiopian Kitchen. Welcome to Delicious!,2.9,0.7,1.4,4.3,78.4,12.2
Melia Hotel Atlanta,15.9,13.6,11.4,13.6,31.8,13.6
Mellow Mushroom Atlanta - Brookhaven,4.1,4.5,14.9,29.1,38.4,8.9
Mellow Mushroom Atlanta - Buckhead,3.6,3.2,12.1,35.3,36.2,9.6
Mellow Mushroom Atlanta - Downtown,4.0,4.3,14.4,31.9,39.1,6.3
Mellow Mushroom Atlanta - Emory,4.2,3.0,11.9,32.4,40.0,8.5
Mellow Mushroom Atlanta - Midtown,8.9,6.1,21.1,23.9,35.8,4.2
Mellow Mushroom Atlanta - Vinings,4.8,3.0,10.3,27.0,43.1,11.8
Mellow Mushroom College Park,5.3,4.6,17.3,33.3,33.1,6.4
Mellow Mushroom Decatur,4.1,3.4,14.0,29.9,38.0,10.6
Melton's App & Tap,0.9,2.1,14.8,37.2,38.1,6.8
Memphis Smokehouse,22.1,5.8,7.0,3.5,40.7,20.9
Metro Café Diner and Bar,5.8,6.1,15.6,26.3,36.7,9.6
Metro Fun Center,8.6,5.4,17.1,27.5,31.9,9.4
MetroFresh Uptown,7.7,0.0,0.0,7.7,46.2,38.5
Mezcalito's Cocina & Tequila Bar,4.1,3.2,14.3,29.2,38.5,10.6
Mezza Luna Pasta and Seafood,1.2,1.1,10.8,30.4,44.2,12.3
Mi Barrio Mexican Restaurant,5.9,2.7,12.7,27.5,45.3,5.9
Michael's Cafe,28.4,3.4,17.0,22.7,23.9,4.5
Midtown Bowl,3.2,5.2,18.9,33.9,31.9,6.9
Midtown Diner,23.3,4.7,11.6,7.0,20.9,32.6
Midtown Moon - Atlanta,8.3,1.4,2.8,19.4,62.5,5.6
Midtown Plaza Cafe,14.3,0.0,14.3,14.3,42.9,14.3
Mikkeys Retro Grill,10.9,5.0,4.0,2.0,47.5,30.7
Miller Union,2.6,3.5,11.8,32.0,41.7,8.6
Minato Japanese Restaurant,4.6,3.3,11.9,31.3,37.2,11.7
Moe's,9.3,8.9,14.5,19.4,41.1,6.9
Moe's Original BBQ - Atlanta,4.0,6.4,20.3,31.2,28.5,9.5
Moe's Southwest Grill,9.3,6.3,17.5,29.2,32.7,5.0
Mojo Pizza N' Pub,9.9,7.9,21.9,25.6,28.1,6.6
Molly B's,8.5,0.0,5.1,25.4,59.3,1.7
Monterrey mexican Restaurant#21,8.9,4.3,15.4,22.5,39.6,9.3
Morningside Kitchen Restaurant,2.0,5.4,18.9,31.1,41.2,1.4
Morris Restaurant & Lounge,6.8,1.9,9.7,25.2,43.7,12.6
Morton's The Steakhouse,3.7,4.7,9.4,21.3,47.1,13.7
Mr Fries Man,13.3,2.2,0.0,0.0,13.3,71.1
Mr Soul Bistro & Cafe,21.0,1.6,4.8,3.2,54.8,14.5
Mr. C's Bar & Grill,8.1,1.9,10.9,25.6,39.8,13.7
Mr. Pig's Smokehouse,14.0,4.8,10.1,20.5,42.1,8.5
Muchacho,1.9,1.3,8.9,29.3,49.0,9.6
Mukja Korean Fried Chicken,3.9,2.2,2.8,0.0,12.2,78.9
Murphy's Restaurant,1.9,2.0,10.9,27.6,48.7,8.9
Muss & Turner's,2.0,3.2,13.5,33.0,41.7,6.7
My Potato Factory,1.5,0.5,6.2,24.7,58.8,8.2
NM Cafe,15.4,7.7,0.0,38.5,30.8,7.7
NaanStop,7.4,5.1,17.4,25.4,38.9,5.9
Nan Thai Fine Dining,1.5,2.7,6.9,27.9,47.4,13.5
Nancy’s Pizza Campcreek,9.8,6.1,11.6,28.0,40.0,4.5
Napoleon's,2.0,4.8,20.9,28.8,38.0,5.4
Neighborhood Wraps and Smoothies,7.1,7.1,0.0,0.0,0.0,85.7
New Realm Brewing,5.6,4.8,10.0,20.1,43.9,15.6
New York Prime,3.0,5.8,10.5,22.5,41.5,16.8
Newk's Eatery,5.3,3.9,12.2,31.6,42.0,5.1
Nick's Food To Go,2.1,2.1,7.2,28.1,46.7,13.9
Nick's Westside,2.3,3.8,6.8,9.8,56.8,20.5
Nicky's Seafood,8.0,12.0,12.0,36.0,24.0,8.0
Nicola's Restaurant,3.2,2.8,9.6,31.7,48.6,4.1
Nina & Rafi,8.8,4.9,4.3,12.3,60.4,9.2
Nino's Italian Restaurant,2.2,2.9,5.6,28.6,47.7,13.0
Niramish Indian Cuisine,7.8,4.6,12.0,28.1,29.0,18.4
No Mas! Cantina,4.3,5.4,14.4,28.1,38.3,9.5
No.1 China,12.0,2.7,13.7,29.0,32.8,9.8
Noodle,2.4,2.5,16.3,36.0,37.6,5.2
Noodle Cafe,3.2,19.4,9.7,29.0,29.0,9.7
Nouveau Bar&Grill,8.1,4.1,4.8,4.8,22.3,56.0
Nova II Sushi Bar & Asian Bistro,13.3,40.0,13.3,0.0,26.7,6.7
Nova Sushi Bar & Asian Bistro,3.4,2.9,7.6,32.4,43.4,10.3
Nox Creek Lounge,50.0,0.0,0.0,0.0,0.0,50.0
Nuevo Laredo Cantina,3.0,3.1,11.0,30.4,43.0,9.5
O Mi Ga Vietnamese Kitchen,5.6,0.0,0.0,5.6,44.4,44.4
O-Ku,5.0,5.2,11.0,27.5,42.8,8.7
OK Cafe,3.8,2.2,7.3,24.9,51.3,10.5
Oak Grove Market,1.2,0.0,17.6,28.2,31.8,21.2
Oak Street Eats,28.6,14.3,14.3,0.0,0.0,42.9
Old Lady Gang,17.9,9.3,11.6,16.3,34.3,10.6
Old Vinings Inn,5.0,3.1,11.7,26.0,45.3,8.9
Ole Reliable,28.6,0.0,14.3,14.3,0.0,42.9
Olive Bistro Vinings,1.5,2.3,6.8,24.2,50.0,15.2
Olympic Flame Restaurant,7.0,4.7,7.0,16.3,27.9,37.2
Omakase by Yun @ Chirori Yakitori and Kushikatsu,7.7,15.4,23.1,15.4,7.7,30.8
On The Border Mexican Grill & Cantina,9.7,6.9,16.4,19.2,42.6,5.2
One Eared Stag,5.1,3.6,17.5,33.6,37.8,2.4
One Rooster Mongolian Grill,0.5,1.4,4.7,24.4,67.6,1.4
Ooo Wee Just Taste It,2.2,0.0,6.5,13.0,43.5,34.8
Orient Express,4.8,2.5,11.4,30.9,38.2,12.2
Ormsby's,2.2,3.1,19.3,31.9,41.2,2.3
Osteria 832 Pasta & Pizza,5.4,5.7,13.6,32.8,36.3,6.3
Our Bar ATL,1.8,0.0,0.9,8.9,39.3,49.1
Outback Steakhouse,7.0,5.3,13.5,23.9,39.6,10.7
Oy!,10.0,6.6,17.6,27.9,30.2,7.8
PITA Mediterranean Street Food,28.1,9.4,6.2,15.6,34.4,6.2
POKE CITY,0.7,2.2,5.9,31.6,45.6,14.0
PONKO Chicken,2.8,2.6,7.1,12.5,47.3,27.7
Paces & Vine Restaurant,2.3,4.9,12.0,33.0,40.5,7.3
Padriac's,1.8,3.9,18.1,34.1,37.0,5.2
Paige’s Pastries & Bistro,6.7,0.0,0.0,0.0,0.0,93.3
Pancake Social,14.5,12.0,9.4,17.0,36.2,10.9
Pancho's Mexican Restaurant & Cantina,8.6,6.0,16.8,27.6,32.6,8.5
Panda Express,10.0,8.4,19.2,26.3,30.5,5.6
Papinos Italian Restaurant,7.7,7.7,23.1,30.8,7.7,23.1
Paris Bistro,4.3,4.3,17.4,26.1,17.4,30.4
Park 27 Korean BBQ and Bar,10.1,7.9,7.9,2.9,35.3,36.0
Park Bar,3.4,2.8,15.6,31.6,39.0,7.5
Park Tavern,8.9,8.9,19.2,34.7,22.8,5.4
Parker's on Ponce,2.0,2.2,10.6,29.9,39.5,15.9
Parkway Cafe,28.6,14.3,0.0,0.0,42.9,14.3
Pasha Restaurant and Bar,18.2,3.7,5.4,5.4,37.8,29.4
Pasta Vino,6.1,7.2,22.8,21.7,27.2,15.0
Patria Cocina,4.5,3.0,5.9,18.0,50.7,17.8
Paul's Restaurant,12.5,0.0,12.5,12.5,25.0,37.5
Peach Cobbler Café,31.7,17.4,12.1,0.0,11.6,27.2
Pearl Benet Restaurant and Bar,6.1,0.0,3.0,3.0,12.1,75.8
Pearl Lounge ATL,12.1,15.2,18.2,18.2,30.3,6.1
Pecan,14.3,3.6,10.7,25.0,32.1,14.3
Pegasus Restaurant & Lounge,14.7,3.9,10.8,14.7,52.0,3.9
Penn Station East Coast Subs,21.1,5.7,17.1,28.9,23.7,3.5
Penthouse ATL Restaurant & Lounge,7.1,7.1,7.1,14.3,28.6,35.7
Petite Violette,1.6,3.2,9.3,26.8,47.4,11.8
Phat Phish Cafe,9.8,6.4,17.1,26.5,33.3,6.8
Phew's Pies,2.7,0.0,0.0,0.0,0.0,97.3
Pho 24,8.2,4.2,17.7,34.1,30.4,5.4
Pho Dai Loi #2,3.3,2.3,15.5,39.3,34.1,5.5
Pho King Express,8.5,2.1,6.4,4.3,59.6,19.1
Pho King Midtown,6.1,3.4,15.6,35.6,33.8,5.4
Pho kitchen - PHO KITCHEN ATLANTA,6.1,5.1,23.4,40.1,23.1,2.3
Piccadilly,5.4,4.4,12.7,28.1,39.2,10.3
Piedmont Central Dining Hall,9.4,9.4,15.6,9.4,25.0,31.2
Pijiu Belly,1.4,2.1,10.7,34.1,46.2,5.5
Pin & Proper,7.3,4.8,9.0,22.3,47.5,9.0
Pita Mediterranean Street Food,8.6,6.3,12.0,30.8,36.9,5.4
Pittypat's Porch,7.9,8.3,17.7,22.7,43.3,0.1
Piu Bello Buckhead,7.9,4.0,13.0,21.7,36.8,16.6
Pizza Bella,11.3,4.4,17.0,30.8,28.3,8.2
Pizza Hut,19.0,16.7,11.7,14.6,28.0,10.0
Pizza Semplice,3.9,2.0,2.0,9.8,68.6,13.7
Playa Bowls Beltline,11.3,1.0,3.0,7.9,54.2,22.7
Poke Bar,2.6,7.9,2.6,5.3,73.7,7.9
Poke Bar Decatur,2.4,0.5,9.2,21.7,52.2,14.0
Polaris,3.5,3.9,9.6,27.6,54.8,0.6
Pollo Campero (Buford Hwy),7.8,5.3,12.7,22.1,40.9,11.2
Poor Hendrix,0.5,0.7,7.0,35.5,50.8,5.5
Popeyes,11.2,7.6,18.2,18.8,32.9,11.2
Popeyes Louisiana Kitchen,15.1,6.5,17.9,23.7,30.5,6.4
Poppin Pita Grill,12.3,3.8,14.6,31.3,32.2,5.8
Porch Light Latin Kitchen,1.9,1.9,6.8,32.6,52.5,4.4
Portofino,2.8,0.9,14.6,31.0,39.4,11.3
Pour Taproom: Beltline,3.5,4.5,3.0,15.4,54.7,18.9
Pour. Kitchen + Bar,4.7,2.7,12.2,32.4,43.2,4.7
Pretty Little Taco Truck,12.5,25.0,0.0,0.0,0.0,62.5
Princi Italia,8.6,7.9,9.6,19.9,37.1,16.9
Proscenium Cafe & Market,8.3,0.0,16.7,16.7,50.0,8.3
Public House 28,2.9,2.9,7.1,10.0,57.1,20.0
Public School 404,3.1,3.8,9.3,25.3,47.6,10.8
Publik Draft House,3.5,5.2,13.3,30.0,45.0,3.0
Puff & Petals,16.3,6.5,17.1,33.8,25.6,0.7
Pura Vida,14.3,0.0,0.0,14.3,28.6,42.9
Pure Taqueria,2.1,3.2,18.9,31.2,36.0,8.6
Pyng Ho Chinese restaurant,9.2,9.2,16.7,27.5,29.2,8.3
Q - Time Restaurant,4.9,4.3,16.9,32.2,33.1,8.6
Q's Restaurant,6.7,5.5,12.8,29.3,39.0,6.7
QDOBA Mexican Eats,31.6,0.0,15.8,0.0,21.1,31.6
Queen of Sheba Lounge,12.2,7.3,31.7,34.1,9.8,4.9
Quiznos,12.7,5.5,18.5,24.7,32.5,6.2
RUCHI Bangladeshi Cuisine,4.1,3.6,5.9,28.2,41.8,16.4
Rain Thai & Sushi Bar,4.7,2.8,9.8,26.2,44.6,11.9
Ramen Station,5.4,5.8,12.9,17.9,52.7,5.4
Rande voo Resturant lounge,14.3,0.0,0.0,0.0,14.3,71.4
Randevoo Restaurant Lounge,8.3,0.0,4.2,0.0,8.3,79.2
Ration and Dram,5.7,5.3,16.0,29.2,34.3,9.4
Ray JR.'s RAPZ ( SALAD'S &JUICE BAR,6.2,0.0,6.2,0.0,18.8,68.8
Ray's In the City,3.9,3.1,10.2,20.1,45.1,17.5
Recess,5.7,1.9,4.8,22.9,49.5,15.2
Red Pepper Taqueria,8.6,4.2,16.5,32.5,30.7,7.5
Red Phone Booth,3.4,2.0,5.7,29.0,50.5,9.4
Red's Beer Garden,0.8,0.0,1.5,1.5,41.5,54.6
Republic Lounge,7.1,3.6,7.7,23.7,44.4,13.6
Restaurant 356,3.2,3.2,10.2,31.0,48.7,3.7
Revival,1.3,4.0,13.0,40.7,36.9,4.1
Richards' Southern Fried,19.2,13.0,12.4,18.7,29.5,7.3
Rico Rico Latin kitchen,4.3,0.0,0.0,0.0,4.3,91.3
"Rising Roll Gourmet Cafe in Atlantic Station, GA",20.0,13.3,6.7,33.3,20.0,6.7
Rising Roll Gourmet Café Downtown Atlanta,2.9,3.8,18.1,38.1,28.6,8.6
Rising Roll Gourmet Café Piedmont West,30.0,15.0,25.0,15.0,10.0,5.0
Roasters Rotisserie,1.6,1.8,10.9,33.2,43.4,9.1
Roc South Cuisine,2.3,1.2,4.9,4.0,34.1,53.5
Rock Steady - Atlanta,6.8,2.3,7.2,8.7,29.7,45.2
Rodney Scott's BBQ Atlanta,14.8,8.2,18.0,0.0,9.8,49.2
Romeos pizza and bistro,40.0,0.0,0.0,0.0,0.0,60.0
Rosa's Pizza,2.0,4.0,20.2,25.0,37.8,11.0
Rowdy Tiger Whiskey Bar & Kitchen,13.2,6.6,18.4,15.8,36.8,9.2
Rreal Tacos,3.0,2.8,12.6,32.0,39.0,10.5
Ru San's,3.9,4.9,13.0,26.5,41.8,9.8
Ruby Tuesday,17.0,9.7,20.7,23.3,24.8,4.5
Ruth's Chris Steak House,8.2,5.3,13.0,20.3,42.7,10.5
STATS Brewpub,6.2,5.9,21.4,37.0,28.1,1.4
STREET BISTRO,10.5,1.0,3.8,5.7,42.9,36.2
Saba,7.9,3.0,8.5,24.4,39.6,16.5
Sabor Dominicano,7.8,4.3,17.6,31.0,33.3,5.9
"Saito - Sushi, Steak & Cocktails",5.7,2.9,2.9,0.0,5.7,82.9
Sakura Ramen Bar,4.3,0.0,0.0,8.7,0.0,87.0
Saladworks,6.7,3.8,6.7,16.3,55.8,10.6
Salaryman,8.1,4.8,4.0,16.1,53.2,13.7
Salata,7.3,3.4,9.9,14.1,41.9,23.4
Saltwood Charcuterie & Bar,3.8,5.1,15.2,24.1,50.6,1.3
Sam’s of San Francisco,4.5,9.1,2.3,0.0,38.6,45.5
Sarku Japan,12.5,0.8,17.5,17.5,43.3,8.3
Sauce Buckhead,5.0,0.0,6.6,33.1,36.4,19.0
Savage Pizza,2.0,3.7,11.4,32.0,46.2,4.8
Schlotzsky's,1.2,3.0,14.6,31.6,38.6,11.1
Schlotzsky's Austin Eatery,8.8,4.7,16.1,18.1,32.1,20.2
Scoreboard Sports Lounge,33.3,0.0,33.3,0.0,0.0,33.3
Scout,1.9,2.2,11.6,30.9,40.6,12.7
Scoville Hot Chicken,4.3,0.0,0.0,0.0,0.0,95.7
Sea Salt Seafood Lounge,9.7,12.9,3.2,0.0,16.1,58.1
Sean’s Heart of the Park,4.8,2.4,2.4,6.0,57.8,26.5
Sear,7.7,6.4,14.1,19.9,42.9,9.0
Senegambia Restaurant,18.5,1.9,5.6,11.1,51.9,11.1
Senor Patron,4.7,3.9,19.6,28.0,35.1,8.7
Serena Pastificio,8.3,0.0,8.3,16.7,0.0,66.7
Serpas,3.8,3.2,15.9,33.0,35.4,8.7
Seven Lamps,2.3,2.8,15.5,27.7,44.2,7.7
Shakespeare Tavern Playhouse,1.1,0.7,4.4,16.8,52.9,24.0
Shane's Rib Shack,6.6,5.2,12.8,27.9,37.6,10.0
Shell,12.7,5.7,36.3,23.6,10.2,11.5
Shorty's,3.4,2.0,6.8,24.4,50.7,12.7
Showcase Food Gallery,1.4,1.4,3.9,27.4,57.3,8.5
Sidechick,5.6,2.4,8.0,30.4,43.2,10.4
Silom Thai & Sushi,2.9,1.5,2.2,10.2,47.4,35.8
Silver Skillet,1.9,4.3,13.3,32.2,40.3,8.0
Siracusa's New York Pizzeria,7.1,3.2,15.9,34.3,31.7,7.8
Sivas Hookah Lounge,10.3,3.7,13.6,29.5,35.5,7.4
Six Feet Under Pub & Fish House,3.6,4.6,17.3,34.6,32.2,7.7
Skilled Cheese,14.3,0.0,0.0,0.0,0.0,85.7
Skinny's Restaurant,2.4,2.4,14.7,35.7,34.9,9.9
Slack's Restaurant & Bar,50.0,0.0,0.0,0.0,25.0,25.0
Slice Downtown,2.5,2.9,13.4,32.0,47.7,1.5
Slideways,2.7,4.4,8.5,31.6,43.5,9.2
SluttyVegan ATL,1.9,0.6,3.2,0.0,7.1,87.2
Smith's Olde Bar,1.8,2.3,12.3,38.0,42.9,2.6
Snappers Fish & Chicken,36.0,4.0,8.0,8.0,8.0,36.0
So Ba Vietnamese Restaurant,3.1,3.8,17.6,36.5,33.6,5.5
Social Market & Cafe,9.1,0.0,4.5,0.0,22.7,63.6
Sonic Drive-In,19.7,7.0,18.8,23.0,26.1,5.5
Soul Good Fine Food,5.7,1.7,1.7,1.1,43.1,46.6
Soul Vegetarian Restaurant,7.4,4.4,16.3,31.8,35.0,5.1
Souper Jenny,1.7,1.9,10.8,31.8,45.6,8.2
South City Kitchen Buckhead,1.5,2.1,14.1,31.6,45.1,5.6
South City Kitchen Midtown,1.6,1.9,13.3,31.1,44.4,7.6
South City Kitchen Vinings,1.9,1.9,13.7,27.3,52.0,3.1
Southern Art and Bourbon Bar,6.0,7.2,15.2,27.0,40.2,4.3
Sovereign Sweets,7.1,0.0,0.0,0.0,1.8,91.1
Spin,4.5,2.3,9.1,6.8,38.6,38.6
Spoon EastSide Restaurant,3.4,1.5,15.6,35.5,38.7,5.3
Ssam Burger,1.3,0.4,19.7,38.2,27.6,12.7
St Angelo's Pizza,8.9,3.0,13.6,30.6,34.4,9.5
St. Cecilia,1.7,2.2,10.8,29.4,47.3,8.6
Stan's Smoke Signals,15.4,15.4,0.0,15.4,7.7,46.2
Star Cafe,5.2,3.0,11.2,35.2,36.5,9.0
Star Provisions Market & Cafe,3.0,4.9,14.0,27.3,38.3,12.5
Starfish Restaurant,4.7,5.3,14.8,32.5,35.5,7.1
Stationside,4.0,4.0,16.0,32.0,36.0,8.0
Steinbecks Restaurant,1.4,4.1,14.6,32.0,40.1,7.8
Steve O's,16.7,0.0,16.7,0.0,50.0,16.7
Stoney River Steakhouse and Grill,3.0,2.6,9.0,20.2,50.8,14.4
Storico Fresco Alimentari e Ristorante,4.7,2.5,11.1,23.3,45.7,12.7
Storico Vino,18.8,0.0,0.0,0.0,0.0,81.2
Streatery,6.7,0.0,13.3,13.3,46.7,20.0
Subway,17.7,6.6,14.9,23.0,29.9,7.9
Sufi's Kitchen,11.1,4.2,15.7,29.3,31.2,8.6
Suite Food Lounge,7.4,4.0,16.6,31.1,32.7,8.2
Sun in My Belly,1.9,3.8,14.5,33.9,38.1,7.8
Superica,2.6,2.6,10.5,28.0,48.5,7.8
Supreme Fish Delight,5.0,3.3,14.6,32.5,31.7,12.9
"Supreme Fish Delight, Camp Creek",5.1,4.5,11.9,18.1,46.3,14.1
Sushi Avenue,4.1,4.9,6.1,24.4,45.1,15.4
Sushi Avenue on the Square,1.4,3.2,12.7,33.4,42.4,6.9
Sushi Kiku,4.3,2.7,15.8,35.0,34.4,7.8
Sushi Tong,2.8,4.9,16.7,26.4,41.0,8.3
Sushinobo,1.3,4.5,12.8,35.9,35.9,9.6
Suya Grill,33.3,0.0,0.0,16.7,16.7,33.3
Swan Coach House,4.2,2.5,8.5,24.2,58.9,1.7
Sway,6.6,6.6,20.5,21.7,42.6,1.9
Sweet & Fresh,11.9,3.1,3.5,1.3,23.5,56.6
Sweet Auburn BBQ,3.5,2.8,12.5,35.9,35.0,10.3
Sweet Auburn Barbecue Curb Market,4.2,7.0,28.2,15.5,25.4,19.7
Sweet Georgia's Juke Joint,7.6,4.9,13.7,25.6,47.7,0.4
Sweet-Stack Creamery,2.9,0.8,3.8,12.1,48.8,31.7
SweetWater Brewing Company,3.6,5.5,10.6,26.5,41.2,12.5
TGI Fridays,20.3,7.7,15.5,20.9,30.1,5.5
THERE Gastropub,2.5,5.1,15.3,24.7,45.5,6.9
TRACE Atlanta,4.8,23.8,23.8,28.6,14.3,4.8
TWO urban licks,2.7,4.3,12.8,30.3,39.3,10.6
Taco Bell,12.6,6.8,19.5,24.4,30.2,6.6
Taco Mac,30.4,10.7,16.4,13.2,20.5,8.8
Taco Mac Cumberland,13.7,6.4,18.5,27.0,29.6,4.9
Taco Mac Decatur,11.4,7.6,17.4,27.5,27.9,8.2
Taco Mac Lindbergh,14.5,7.1,17.2,24.6,30.4,6.2
Taco Mac Metropolis,12.2,8.5,19.9,28.9,25.5,4.9
Taco Mac Virginia Highlands,4.3,8.0,19.1,28.7,33.5,6.3
Taco Pete Bistro,5.1,3.1,3.1,15.3,51.0,22.4
Taichi Bubble Tea,7.6,3.0,4.5,0.0,12.1,72.7
Taka Sushi Restaurant,4.9,5.6,22.2,23.6,36.1,7.6
Talat Market,2.6,0.0,2.6,35.5,27.6,31.6
Tanaka ramen,7.4,5.8,7.4,18.4,57.4,3.7
Tantra Restaurant & Lounge,7.1,0.0,7.1,21.4,50.0,14.3
Tapa Tapa,13.0,0.0,26.1,21.7,37.0,2.2
Taqueria Acapulco,5.6,5.6,5.6,8.3,38.9,36.1
Taqueria Michoacan,11.0,5.2,13.6,23.4,38.3,8.4
Taqueria Tsunami,10.5,7.9,13.2,5.3,23.7,39.5
Taqueria del Sol,2.9,4.1,10.5,34.2,41.6,6.7
Taqueria on Broad,1.7,4.6,11.6,24.8,46.4,10.9
"Taquería""Mami's",3.4,3.4,1.7,10.2,45.8,35.6
Taste Of India,40.0,8.9,2.2,15.6,24.4,8.9
Taste of Tropical,10.6,2.1,10.6,20.3,46.2,10.2
